17 10 5

17 10
0.7354449750209495 0.6889191818633338 -0.8977857024249416 0.4605359672984106 0.668509161840532 1 0.2007523017429625 0.963851017879582 0.36190136894017066 0.6628301218817696 -0.421594258843645 0.17626753539367157 -0.20400748839108906 -0.3315874460492384 -0.6687515230662681 -0.5075025852018182 -0.2960976045464436 0.897788556903961 
-0.2135651789241355 0.9363644590206133 -1 -0.21988456562992484 -0.2983728980110782 -0.14393072443635757 -0.2171743873568741 0.26222763406041955 -1 -0.05178797781906358 -1 0.9487762768854484 0.1610363711251277 1 0.6455331363425953 -0.0650285092344216 0.4374487371237993 -0.9354460765167436 
-0.9578100601637305 0.9919168952469355 -0.4753579372724614 0.5311096000534827 -0.07769676190581787 0.6428560931489803 0.9369318114367899 -0.6842434999106873 -0.34437368010761626 1 -1 0.5372598212801698 1 0.11106904335348644 -0.1169207885262531 -0.5102739707479684 0.3394287274164811 -0.10776387341335303 
-0.5099059685680567 0.8157665026523556 -0.1595564257289709 -0.4908620078963004 0.22047243894253254 0.5503926006435165 0.20210735249658773 -0.4547628571392139 -0.7379431677883255 -0.9244250269168274 0.7579763380623853 -0.458445841129556 0.17231241519305013 0.27881060797930424 -0.44086423941052566 -0.27303600477750783 0.8812715647965426 0.12180438071944345 
0.1767453617801669 0.31997381222340887 -0.9374825498847257 0.07298608037263217 0.1044383032258218 -0.28919477546490413 1 -0.01691892126084693 0.31673513910153067 0.8122333238252546 0.7093814397437921 0.8765271165192957 -0.49951215786587116 0.3444911269640657 -0.303590947351986 0.653236047256578 -0.04839925853117736 -0.022685688420827688 
-0.38088560939772276 -0.5910576660492719 0.16450105264456977 0.17540843546272308 1 -0.7598137866894541 1 0.4126241161489414 0.03447822573385703 -0.13495503181993235 0.2121382310390055 -0.8936341581633661 0.25588895991203164 -0.11094114207945224 -0.6981795199026379 1 0.07779423886705239 -0.9268419594596276 
-0.31563132730535864 -0.8406557865249139 0.21317872880357577 0.43678284394156486 0.00491579245414675 0.3423020064521655 0.4105972624688735 -0.786766788027252 -0.4698208386771445 1 0.5192626065935801 0.2986527027025023 0.4118213546807725 -0.008058528523541247 0.5351428265101924 0.5168393615820615 -1 -0.4664210810641919 
-0.13491377322662973 0.3245751672951152 -0.12157734028688089 0.8003626115502149 -0.5744526376181448 0.7328141300198032 -0.8495122876369083 1 -0.640924083203307 0.6457716046120787 0.22230345659224485 0.33474028107857223 0.3001849554739096 0.069779105342136 0.7313181767533977 -0.6973910626642192 0.8781296134983759 -0.15306124722318765 
-0.20952545071766857 0.033219593391524624 0.17153779454422408 0.4418325661301261 -0.4568254222541967 0.7553415466316502 -0.5593304155103163 -0.21817332507302012 -0.8181348710215021 -0.6922687574863239 -0.7177561868145732 -0.29036937405642205 0.14524430141951816 0.9678788973102267 -0.49465591469502723 -0.7015391566682156 0.8980051180403477 -0.3413078315832673 
1 0.9708594859286882 0.1282461556403085 -1 -0.9037051735977752 0.8264883447233025 0.4266699446143004 0.9665646691576124 0.5961528297569765 -0.8496997426095074 -0.1808861497437826 0.18955711596968255 0.06470331513135325 -0.6390807321932725 0.7218135537793006 0.018086272889710653 -0.4140654728003831 -1 

10 5
0.5618791776816444 0.6275422591311153 -0.014289007582717783 -0.633368051390018 -0.15961577357108814 1 0.7655312065386297 0.3404530223584139 1 -0.61061588018425 0.9615876235353344 
1 -0.24149882282595736 0.23042713543606697 0.9150174425601276 -0.5164900912914063 1 -0.5555422092499681 0.4602703631553039 0.5077839047921344 -0.9503966330013995 1 
0.8192075736554674 0.8266181990272083 0.9322043886001953 0.24529546530567697 0.8415509252529191 0.8976250721967834 0.3707854365848581 -0.37748844782495206 -0.23652461125304947 -0.4441897279219479 0.6518275406137845 
0.11786238888976597 0.8762879785515792 -1 -0.4219196139476799 0.4619829006071743 0.19515201833665105 -0.959415244995887 -0.4911127777758152 0.3199508941819993 0.5696061198589766 -0.7214864480673607 
-0.044389769808849844 -0.7832697949268783 0.4515119087655895 -0.6992964755937806 1 0.03632752076259407 0.8934476024309548 0.8533750328635648 -0.7168332452805296 0.4099599749916263 0.10502437409955498 

